2.249986346975
2.249986346975
2.249986346975
2.249986346975
2.249986346975
2.249986346975
2.249986346975
2.249986346975
2.249986346975
2.249986346975
2.249986346975
2.249986346975
2.249986346975
2.249986346975
2.249986346975
2.249986346975
2.249986346975
2.249986346975
2.249986346975
2.249986346975
2.249986346975
2.249986346975
2.249986346975
2.249986346975
2.249986346975
2.249986346975
2.249986346975
2.249986346975
2.249986346975
2.249986346975
2.249986346975
2.249986346975
2.249986346975
2.249986346975
2.249986346975
2.249986346975
2.249986346975
2.249986346975
2.249986346975
2.249986346975
2.249986346975
2.249986346975
2.249986346975
2.249986346975
2.249986346975
2.249986346975
2.249986346975
2.249986346975
2.249986346975
2.249986346975
